50 74
60 65
30 63
50 63
51 63
90 64
29 61
32 72
20 72
27 72
65 69
30 68
12 67
12 65
22 65
17 67
40 68
44 69
70 64
53 73
50 62
14 63
55 67
40 65
34 72
10 63
27 64
50 71
41 76
15 63
25 63
75 71
27 67
12 64
75 61
30 66
21 65
27 63
30 66
25 64
24 64
32 66
10 68
11 60
18 64
20 61
35 71
13 67
25 69
21 69
34 67
60 60
17 71
35 71
40 72
14 68
10 66
25 69
16 63
16 61
16 64
40 63
38 66
22 71
20 69
26 65
25 66
17 64
12 65
10 61
10 65
15 71
24 67
30 68
30 70
10 61
50 62
12 65
20 70
20 68
20 69
12 66
70 80
20 69
10 61
30 63
40 64
25 67
10 60
60 68
18 67
16 64
15 66
10 68
33 67
18 68
15 63
21 71
21 63
37 68
38 67
17 65
32 76
27 67
16 62
25 66
27 61
50 64
70 61
50 62
50 68
20 63
40 72
60 64
50 61
30 74
70 70
50 71
44 62
30 64
10 61
23 70
45 71
15 71
40 70
17 67
30 63
27 67
56 61
18 62
43 68
32 61
10 68
60 73
21 67
24 62
10 66
27 68
66 59
16 68
90 71
80 66
20 68
15 68
12 68
24 64
20 65
19 60
10 72
40 65
25 67
25 70
25 71
19 71
44 68
15 60
17 62
24 68
23 64
13 69
65 68
70 60
40 68
15 66
20 69
20 71
20 65
25 65
49 69
25 61
11 66
16 61
35 71
12 74
23 66
17 66
27 61
70 71
35 64
10 60
35 61
15 66
12 63
80 71
80 65
35 73
45 68
15 64
15 61
24 66
25 61
25 62
20 67
24 68
44 72
69 70
62 69
32 67
